067287
067286
067289
067284
067285
067294
067291
067292
067290
067293
067304
067301
067288
067298
067303
067302
067300
067299
067295
067297
067296
017697
017705
017713
017694
017709
017716
017715
017696
017693
017706
066506
017711
017698
066512
017702
017695
017703
017712
017710
017699
017708
066508
017707
066513
066514
066509
017701
017700
066515
066516
067267
066916
067266
066511
066913
067277
066505
066914
066504
066917
017714
066507
067279
067282
017704
067280
085486
067268
067271
066510
085483
067274
067281
085485
067269
067283
085545
085548
067272
085529
085555
067270
085524
085556
085563
067273
085487
085560
085566
085601
085536
085557
085538
085613
085551
085546
085605
085576
085539
085582
085537
085535
085584
085579
085618
085568
085599
085600
085533
085611
085530
085547
066915
085632
085592
085559
085624
085607
085575
085581
085620
067275
085645
085565
085578
085541
085542
085661
085619
085562
085591
085590
085664
085685
085653
085622
085571
085639
085695
085609
085660
085644
085630
085701
085657
085631
085598
085673
085656
085683
085552
085686
085587
085606
085652
085625
085569
085640
085723
085616
085711
085659
085687
085628
085570
085677
085636
085715
085734
085643
085550
085744
085543
085663
085642
085678
085720
085662
085646
085703
085713
085699
085651
085682
085729
085603
085608
085710
085777
085745
085733
085658
085742
085534
085610
085741
085728
085705
085727
085746
085696
085731
085706
085712
085623
085693
085604
085737
085743
085698
085676
085558
085580
085564
085614
085692
085668
085738
085684
085554
085627
085816
085721
085679
085869
085649
085531
085667
085726
085749
085704
085615
085596
085820
085532
085894
085688
085549
085629
085672
085893
085865
085823
085694
085671
085735
085633
085939
085815
067278
085913
085740
085594
085927
085574
085975
085908
085912
085602
085669
085586
085666
085866
085747
085484
085739
085690
085822
085553
067276
085638
085919
085674
085933
085904
085719
085702
085935
085976
085942
085905
085932
085717
085544
085626
085891
085612
086048
085722
085593
085617
085936
085983
085583
085973
085916
085650
085540
085595
085911
085637
085896
085972
085821
085934
085813
085922
085974
085634
085902
085689
085943
085724
085850
085900
085665
085923
085979
086024
085997
085977
085577
085700
085817
085730
085818
086044
085819
086032
086047
085925
085937
085648
086046
086073
085732
085910
085907
086040
086071
085909
085641
085940
085978
086055
085681
086070
086067
085944
085572
086049
085708
085573
085901
085914
085561
085984
086074
085851
086065
086028
086031
086060
085589
086063
086103
086121
085898
086041
085938
085929
086117
086072
086037
085971
085924
086102
085597
086127
085736
086113
085996
085982
085920
086131
086064
085680
086091
086092
086094
085895
086107
086130
086110
086138
086119
086033
086160
086108
086114
086115
086143
086106
086088
086079
086134
086124
086125
085567
086083
086165
086118
086211
085931
085941
086219
086191
086135
086151
086076
086145
086120
085691
085945
085981
086068
086184
085897
086178
086123
085714
086147
086035
086050
086185
085588
085647
085999
086095
085814
086089
086241
086156
086225
086150
085748
085928
085980
086200
085635
085930
086207
086233
086025
086193
086212
086139
086187
086042
086215
086190
086206
086232
086098
086054
086174
086163
086039
086062
086201
086034
085718
086030
086087
086168
086128
086240
086209
086192
086169
086166
086199
085585
086140
086043
086136
086093
086213
085670
086058
086161
086057
085899
086171
085716
085725
086084
085621
086170
086061
086116
086249
086038
086029
086082
086333
086230
086155
086085
086080
085998
086229
086205
086109
086237
086242
086331
086355
086327
086126
085707
085926
086326
086208
086101
086159
085918
086251
086342
086172
086338
086398
086248
086051
085709
085697
085675
086371
085903
086243
085921
086357
086334
085655
086137
085654
086330
086100
086036
086234
086214
086222
086325
086203
086369
086162
086361
086351
086376
086216
086202
086397
086210
086339
086183
086189
086099
086359
086356
086379
086368
085868
086239
086188
086247
086158
086052
086146
086374
086381
086394
086373
086410
086349
086167
086348
086392
086364
086075
086227
086112
086204
086366
086132
086407
086027
086104
086053
086175
086236
086198
086133
086370
086329
086363
086081
086195
085906
086416
086393
086105
086157
086353
086069
086372
086194
085915
085867
086400
086245
086176
086045
086246
086224
086059
086141
086056
086186
086367
086402
086391
086324
086096
086177
086218
086396
086335
086386
086352
086090
086148
086343
086358
085917
086217
086142
086341
086417
086122
086182
086153
086097
086388
086228
086196
086403
086144
086380
086226
086350
086152
086378
086354
086238
086415
086180
086383
086405
086345
086384
086340
086221
086332
086173
086179
086149
086344
086231
086129
086387
086026
086154
086066
086235
086181
086111
086164
086411
086362
086244
086413
086377
086223
086078
086197
086414
086401
086347
086220
086337
086408
086336
086086
086250
086660
086328
086529
086406
086658
086530
086375
086395
086657
086708
086653
086659
086792
086409
086385
086412
086346
086711
086707
086715
086654
086655
086706
086418
086404
086709
086801
086820
086360
086796
086795
086800
086389
086833
086805
086811
086714
086382
086806
086794
086816
086823
086826
086808
086799
086797
086807
086793
086863
086827
086815
086809
086710
086880
086821
086802
086818
086814
086838
086864
086843
086812
086810
086837
086882
086840
086817
086390
086885
086830
086399
086829
086865
086867
086813
086824
086803
086855
086365
086846
086908
086858
086822
086856
086851
086899
086825
086854
086868
086861
086866
086835
086907
086893
086857
086895
086870
086828
086886
086077
086891
086896
086853
086656
086888
086890
086906
086902
086832
086878
086914
086875
087000
086852
086869
086912
086874
086819
086883
086860
086849
086862
086798
086887
086897
087013
086845
086872
086900
086713
087003
086901
086991
086873
087005
086915
086903
086871
086910
086998
086987
086791
086917
086889
086841
086877
086999
087014
086804
087010
086992
086995
086905
086839
087015
086836
086916
086850
086712
086988
087125
086876
087017
087105
086831
086879
086918
087004
087016
087011
086848
086994
086844
086892
087141
087009
087002
086884
086894
086990
087006
087118
087132
086859
087131
086993
087095
086996
086904
087122
087008
087012
087136
086913
087117
087126
087124
087142
087120
087139
087180
086834
087127
087147
087154
086842
087145
087106
087184
086911
086847
087114
087128
087155
087123
087143
087110
087108
087161
087138
086997
087202
087203
087179
087001
087144
087156
086989
087198
087149
087174
087200
087130
086898
087007
087107
087121
087111
087146
087129
087276
087258
087140
087266
087279
087256
087096
087172
087181
087272
087329
087104
087187
087280
087249
087260
087292
087339
087182
087257
087262
087313
087330
087250
087302
087176
087314
087303
087252
087317
087282
087178
087299
087163
087285
087159
087170
087158
087298
087152
087165
087275
087263
087109
087290
087341
087300
086909
087287
087309
087150
087135
087194
087301
087355
087177
087333
087325
087340
087291
087151
087185
087148
087286
087171
087362
087346
087294
087316
087321
087342
087349
087353
087337
087335
087319
087103
087311
087320
087264
087417
087368
087186
087157
087395
087351
087343
087399
087169
087367
087273
087381
087133
087356
087439
087175
087201
087308
087269
087402
087383
087153
087380
087359
087390
087374
087137
087413
087167
087389
087400
087348
087336
087270
087254
087393
087391
087304
087277
087415
087253
087268
087116
087365
087168
087424
087278
087281
087357
087271
087378
087387
087332
087411
087453
087418
087397
087386
087440
087426
087454
087173
087452
087310
087345
087267
087488
087306
087251
087295
087385
087394
087160
087334
087483
087480
087431
087475
087347
087119
087460
087429
087328
087479
087441
087392
087474
087113
087487
087350
087489
087297
087505
087499
087467
087289
087459
087162
087331
087509
087490
087525
087255
087512
087507
087370
087404
087491
087323
087470
087541
086881
087519
087338
087352
087478
087307
087508
087462
087502
087550
087526
087369
087312
087283
087554
087560
087293
087524
087472
087407
087534
087522
087518
087503
087568
087388
087510
087514
087513
087533
087501
087523
087528
087517
087546
087326
087166
087401
087115
087410
087444
087377
087516
087284
087425
087580
087553
087539
087363
087375
087549
087544
087164
087559
087469
087437
087602
087412
087406
087379
087589
087451
087261
087409
087324
087422
087112
087364
087593
087585
087629
087604
087372
087358
087384
087382
087361
087305
087420
087134
087376
087564
087605
087344
087486
087427
087354
087274
087613
087288
087419
087515
087592
087616
087371
087466
087315
087603
087265
087606
087615
087538
087434
087620
087448
087558
087596
087366
087446
087495
087563
087548
087599
087612
087463
087578
087373
087497
087464
087465
087636
087450
087403
087398
087637
087396
087610
087600
087557
087536
087461
087618
087485
087574
087627
087614
087423
087628
087595
087449
087414
087435
087416
087638
087581
087481
087456
087579
087183
087551
087684
087711
087476
087583
087432
087447
087457
087468
087686
087632
087521
087504
087701
087322
087542
087327
087296
087576
087680
087698
087547
087493
087494
087500
087634
087699
087714
087635
087601
087537
087531
087572
087318
087586
087543
087688
087511
087677
087700
087259
087705
087707
087570
087577
087676
087723
087679
087520
087438
087360
087721
087433
087498
087609
087724
087708
087573
087696
087710
087712
087727
087639
087442
087477
087619
087725
087471
087587
087506
087561
087626
087726
087722
087617
087715
087685
087421
087582
087532
087683
087097
087492
087436
087458
087527
087590
087575
087405
087445
087717
087530
087719
087678
087584
087631
087565
087630
087608
087473
087598
087428
087529
087682
087443
087566
087455
087703
087720
087697
087482
087675
087633
087681
087611
087545
087430
087496
087687
087702
087484
087718
087933
087914
087625
087640
087919
087588
087642
087555
087935
087535
087925
087944
087716
087408
087920
087928
087910
087939
087907
087924
087931
087562
087940
087945
087937
087950
087949
087918
087930
087943
087594
087952
087706
087591
087911
087641
087597
087713
087556
088039
087567
087540
088040
087929
087922
088041
087607
087938
088043
087926
087571
087915
087932
087908
087996
087913
087951
087709
087909
087927
087923
087992
087991
087948
087921
087994
087993
087917
087946
087989
087912
087942
087552
087995
087934
087941
087569
088038
087916
087947
087936
087997
087988
087990
